km_per_mile <- 1.609
